-6,1,3,-2,4,-13,999
-4,-3,999
18,-4,-3,999
0,999
-6,1,999
-6,-7,17,999
15,999
16,999
1,-8,999
18,-7,999
0,999
-10,999
-16,17,999
-11,999
-13,999
-5,999
17,999
20,3,-16,4,-9,999
19,3,-16,4,-9,-12,999
21,-9,999
0,999
23,-14,24,999
-9,-14,999
-9,-14,999
0,999
1,9,-16,999
-17,999
-20,-18,999
-19,-20,-18,999
0,999
9,999
11,999
12,999
13,999
14,999
22,999
10,999
-22,-21,999
5,-22,-21,999
6,-22,-21,999
0,999
-24,-23,999
7,-24,-23,999
8,-24,-23,999
0,999
3,-20,4,999
1,999
2,999
